1000000000100000000010000000001000000000100000000010000000001000000000100000000010000000001000000000
1000000000100000000010000000001000000000100000000010000000001000000000100000000010000000001000000000
1000000000100000000010000000001000000000100000000010000000001000000000100000000010000000001000000000
1000000000100000000010000000001000000000100000000010000000001000000000100000000010000000001000000000
1000000000100000000010000000001000000000100000000010000000001000000000100000000010000000001000000000
1000000000100000000010000000001000000000100000000010000000001000000000100000000010000000001000000000
1000000000100000000010000000001000000000100000000010000000001000000000100000000010000000001000000000
1000000000100000000010000000001000000000100000000010000000001000000000100000000010000000001000000000
1000000000100000000010000000001000000000100000000010000000001000000000100000000010000000001000000000
1111111111111111111111111111111111111111111111111111111111111111111111111111111111111111111111111111
4 6
101111
101010
101011
111011
4 6
110110
110110
111111
111101



1 0 1 2 3 4 5 6 